10


56 87          -134 78 0.437 6 876 4 5 9 8 14


56 8 451 7		-87 71 984 74198 0 84 7198 71

761 519 7619 874 71109 749 827 0.92 0.9799 12
23 813236 82 62 8 -56 87 -134 78 0.437 -6 876 87 6 -1 7 8 7
		56 -8 451 -7 -87 67 2 765243   1 91 72 71 984 74198 0 84 -7198 71
761 519 78241 82 -7619 874 -71109 749 9817  827 0.92 0.9799 12
18 7 56 8 451 7 -87 727 82 0.5 1 984 74198 0 84 7198 71
761		 1298 8 283 0 -1 519 7619 874 71109 749 827 0.92 0.9799 12
23 813236 82 62 8 -56 87 -134 78 0.437 -6  817 8237 0 876 87 6 -1 7 8 7
56 -8 451 -7 -87 67 2 7652 -431 91 72 71 984 74198 0 84 -7198 71
761 519 78 0.241 82 1 6235 93 3 -7619 874 -71109 749 9817  827 0.92 0.9799 12
